DeathExplosion
12
0 0
0.25 0.333333
0 0
1 1.66667
0.05
0.25 0
0.25 0.333333
0 0
1 1.66667
0.05
0.5 0
0.25 0.333333
0 0
1 1.66667
0.05
0.75 0
0.25 0.333333
0 0
1 1.66667
0.05
0 0.333333
0.25 0.333333
0 0
1 1.66667
0.05
0.25 0.333333
0.25 0.333333
0 0
1 1.66667
0.05
0.5 0.333333
0.25 0.333333
0 0
1 1.66667
0.05
0.75 0.333333
0.25 0.333333
0 0
1 1.66667
0.05
0 0.666667
0.25 0.333333
0 0
1 1.66667
0.05
0.25 0.666667
0.25 0.333333
0 0
1 1.66667
0.05
0.5 0.666667
0.25 0.333333
0 0
1 1.66667
0.05
0.75 0.666667
0.25 0.333333
0 0
1 1.66667
0.05
1
Explosion1x1.png
0
\texture\Default\Explosion1x1.png
