DiagBeamCharge
10
0 0
0.25 0.333333
0 0
0.806452 1.96078
0.066
0.25 0
0.25 0.333333
0 0
0.806452 1.96078
0.066
0.5 0
0.25 0.333333
0 0
0.806452 1.96078
0.066
0.75 0
0.25 0.333333
0 0
0.806452 1.96078
0.066
0 0.333333
0.25 0.333333
0 0
0.806452 1.96078
0.066
0.25 0.333333
0.25 0.333333
0 0
0.806452 1.96078
0.066
0.5 0.333333
0.25 0.333333
0 0
0.806452 1.96078
0.066
0.75 0.333333
0.25 0.333333
0 0
0.806452 1.96078
0.066
0 0.666667
0.25 0.333333
0 0
0.806452 1.96078
0.066
0.25 0.666667
0.25 0.333333
0 0
0.806452 1.96078
0.066
1
DiagBeamChargePurple.png
0
\texture\magic\DiagBeamChargePurple.png
