KineticWave
12
0 0
0.330435 0.330275
0 0
0.869565 1.83486
0.016
0 0
0.330435 0.330275
0 0
0.869565 1.83486
0.016
0.330435 0
0.330435 0.330275
0 0
0.869565 1.83486
0.016
0.330435 0
0.330435 0.330275
0 0
0.869565 1.83486
0.016
0.66087 0
0.330435 0.330275
0 0
0.869565 1.83486
0.016
0 0.330275
0.330435 0.330275
0 0
0.869565 1.83486
0.016
0.330435 0.330275
0.330435 0.330275
0 0
0.869565 1.83486
0.016
0.330435 0.330275
0.330435 0.330275
0 0
0.869565 1.83486
0.016
0.66087 0.330275
0.330435 0.330275
0 0
0.869565 1.83486
0.016
0 0.66055
0.330435 0.330275
0 0
0.869565 1.83486
0.016
0.330435 0.66055
0.330435 0.330275
0 0
0.869565 1.83486
0.016
0.66087 0.66055
0.330435 0.330275
0 0
0.869565 1.83486
0.016
1
KineticWaveShot.png
0
\texture\magic\KineticWaveShot.png
