LurkerShot2
15
0 0
0.333333 0.5
0 0
0.555556 0.833333
0.016
0 0
0.333333 0.5
0 0
0.555556 0.833333
0.016
0 0
0.333333 0.5
0 0
0.555556 0.833333
0.016
0.333333 0
0.333333 0.5
0 0
0.555556 0.833333
0.016
0.333333 0
0.333333 0.5
0 0
0.555556 0.833333
0.016
0.333333 0
0.333333 0.5
0 0
0.555556 0.833333
0.016
0.666667 0
0.333333 0.5
0 0
0.555556 0.833333
0.016
0.666667 0
0.333333 0.5
0 0
0.555556 0.833333
0.016
0.666667 0
0.333333 0.5
0 0
0.555556 0.833333
0.016
0 0.5
0.333333 0.5
0 0
0.555556 0.833333
0.016
0 0.5
0.333333 0.5
0 0
0.555556 0.833333
0.016
0 0.5
0.333333 0.5
0 0
0.555556 0.833333
0.016
0.333333 0.5
0.333333 0.5
0 0
0.555556 0.833333
0.016
0.333333 0.5
0.333333 0.5
0 0
0.555556 0.833333
0.016
0.333333 0.5
0.333333 0.5
0 0
0.555556 0.833333
0.016
1
LurkerShot02S.png
0
\texture\Monster\LurkerShot02S.png
