LurkerAttackRelease
11
0 0.5
0.25 0.25
0 0
0.416667 0.416667
0.016
0 0.5
0.25 0.25
0 0
0.416667 0.416667
0.016
0 0.5
0.25 0.25
0 0
0.416667 0.416667
0.016
0.25 0.5
0.25 0.25
0 0
0.416667 0.416667
0.016
0.25 0.5
0.25 0.25
0 0
0.416667 0.416667
0.016
0.25 0.5
0.25 0.25
0 0
0.416667 0.416667
0.016
0.5 0.5
0.25 0.25
0 0
0.416667 0.416667
0.016
0.5 0.5
0.25 0.25
0 0
0.416667 0.416667
0.016
0.5 0.5
0.25 0.25
0 0
0.416667 0.416667
0.016
0.75 0.5
0.25 0.25
0 0
0.416667 0.416667
0.016
0.75 0.5
0.25 0.25
0 0
0.416667 0.416667
0.016
1
Lurker.png
0
\texture\Monster\Lurker.png
