SaffronSpawn
30
0.818182 0.5
0.0909091 0.1
0 0
0.137741 0.116279
0.135
0.909091 0.5
0.0909091 0.1
0 0
0.137741 0.116279
0.135
0 0.6
0.0909091 0.1
0 0
0.137741 0.116279
0.135
0.0909091 0.6
0.0909091 0.1
0 0
0.137741 0.116279
0.135
0.181818 0.6
0.0909091 0.1
0 0
0.137741 0.116279
0.135
0.272727 0.6
0.0909091 0.1
0 0
0.137741 0.116279
0.135
0.363636 0.6
0.0909091 0.1
0 0
0.137741 0.116279
0.135
0.454545 0.6
0.0909091 0.1
0 0
0.137741 0.116279
0.135
0.545455 0.6
0.0909091 0.1
0 0
0.137741 0.116279
0.135
0.636364 0.6
0.0909091 0.1
0 0
0.137741 0.116279
0.135
0.727273 0.6
0.0909091 0.1
0 0
0.137741 0.116279
0.135
0.818182 0.6
0.0909091 0.1
0 0
0.137741 0.116279
0.135
0.909091 0.6
0.0909091 0.1
0 0
0.137741 0.116279
0.135
0 0.7
0.0909091 0.1
0 0
0.137741 0.116279
0.135
0.0909091 0.7
0.0909091 0.1
0 0
0.137741 0.116279
0.135
0.181818 0.7
0.0909091 0.1
0 0
0.137741 0.116279
0.135
0.272727 0.7
0.0909091 0.1
0 0
0.137741 0.116279
0.135
0.363636 0.7
0.0909091 0.1
0 0
0.137741 0.116279
0.135
0.454545 0.7
0.0909091 0.1
0 0
0.137741 0.116279
0.135
0.545455 0.7
0.0909091 0.1
0 0
0.137741 0.116279
0.135
0.636364 0.7
0.0909091 0.1
0 0
0.137741 0.116279
0.135
0.727273 0.7
0.0909091 0.1
0 0
0.137741 0.116279
0.135
0.818182 0.7
0.0909091 0.1
0 0
0.137741 0.116279
0.135
0.909091 0.7
0.0909091 0.1
0 0
0.137741 0.116279
0.135
0 0.8
0.0909091 0.1
0 0
0.137741 0.116279
0.135
0.0909091 0.8
0.0909091 0.1
0 0
0.137741 0.116279
0.135
0.181818 0.8
0.0909091 0.1
0 0
0.137741 0.116279
0.135
0.272727 0.8
0.0909091 0.1
0 0
0.137741 0.116279
0.135
0.363636 0.8
0.0909091 0.1
0 0
0.137741 0.116279
0.135
0.454545 0.8
0.0909091 0.1
0 0
0.137741 0.116279
0.135
1
Saffron.png
0
\texture\Player\Saffron.png
