SaffronAttack1
9
0.545455 0
0.0909091 0.1
0 0
0.137741 0.116279
0.03
0.636364 0
0.0909091 0.1
0 0
0.137741 0.116279
0.03
0.727273 0
0.0909091 0.1
0 0
0.137741 0.116279
0.03
0.818182 0
0.0909091 0.1
0 0
0.137741 0.116279
0.03
0.909091 0
0.0909091 0.1
0 0
0.137741 0.116279
0.03
0 0.1
0.0909091 0.1
0 0
0.137741 0.116279
0.03
0.0909091 0.1
0.0909091 0.1
0 0
0.137741 0.116279
0.03
0.181818 0.1
0.0909091 0.1
0 0
0.137741 0.116279
0.03
0.272727 0.1
0.0909091 0.1
0 0
0.137741 0.116279
0.03
1
Saffron.png
0
\texture\Player\Saffron.png
