 
9
0 0
0.333333 0.333333
0 0
0.555556 0.222222
0.015
0.333333 0
0.333333 0.333333
0 0
0.555556 0.222222
0.015
0.666667 0
0.333333 0.333333
0 0
0.555556 0.222222
0.015
0 0.333333
0.333333 0.333333
0 0
0.555556 0.222222
0.015
0.333333 0.333333
0.333333 0.333333
0 0
0.555556 0.222222
0.015
0.666667 0.333333
0.333333 0.333333
0 0
0.555556 0.222222
0.015
0 0.666667
0.333333 0.333333
0 0
0.555556 0.222222
0.015
0.333333 0.666667
0.333333 0.333333
0 0
0.555556 0.222222
0.015
0.666667 0.666667
0.333333 0.333333
0 0
0.555556 0.222222
0.015
1
spawnGenericS.png
0
\texture\Player\spawnGenericS.png
