SaffronAttack3
8
0.0909091 0.2
0.0909091 0.1
0 30
0.137741 0.116279
0.08
0.181818 0.2
0.0909091 0.1
0 30
0.137741 0.116279
0.08
0.272727 0.2
0.0909091 0.1
0 30
0.137741 0.116279
0.08
0.363636 0.2
0.0909091 0.1
0 30
0.137741 0.116279
0.08
0.454545 0.2
0.0909091 0.1
0 30
0.137741 0.116279
0.08
0.545455 0.2
0.0909091 0.1
0 30
0.137741 0.116279
0.08
0.727273 0.2
0.0909091 0.1
0 30
0.137741 0.116279
0.08
0.818182 0.2
0.0909091 0.1
0 30
0.137741 0.116279
0.08
1
Saffron.png
0
\texture\Player\Saffron.png
