TerraSpawn
8
0.888889 0.555556
0.111111 0.111111
0 0
0.173611 0.173611
0.125
0 0.666667
0.111111 0.111111
0 0
0.173611 0.173611
0.125
0.111111 0.666667
0.111111 0.111111
0 0
0.173611 0.173611
0.125
0.222222 0.666667
0.111111 0.111111
0 0
0.173611 0.173611
0.125
0.333333 0.666667
0.111111 0.111111
0 0
0.173611 0.173611
0.125
0.444444 0.666667
0.111111 0.111111
0 0
0.173611 0.173611
0.125
0.555556 0.666667
0.111111 0.111111
0 0
0.173611 0.173611
0.125
0.666667 0.666667
0.111111 0.111111
0 0
0.173611 0.173611
0.125
1
Terra.png
0
\texture\Player\Terra.png
