TerraAttack1
8
0.444444 0.222222
0.111111 0.111111
0 0
0.173611 0.173611
0.25
0.666667 0.111111
0.111111 0.111111
0 0
0.173611 0.173611
0.25
0.777778 0.111111
0.111111 0.111111
0 0
0.173611 0.173611
0.25
0.888889 0.111111
0.111111 0.111111
0 0
0.173611 0.173611
0.25
0 0.222222
0.111111 0.111111
0 0
0.173611 0.173611
0.25
0.111111 0.222222
0.111111 0.111111
0 0
0.173611 0.173611
0.25
0.222222 0.222222
0.111111 0.111111
0 0
0.173611 0.173611
0.25
0.333333 0.222222
0.111111 0.111111
0 0
0.173611 0.173611
0.25
1
Terra.png
0
\texture\Player\Terra.png
