TileBreakWarning
9
0 0
0.333333 0.333333
0 0
0.555556 0.555556
0.3
0.333333 0
0.333333 0.333333
0 0
0.555556 0.555556
0.3
0.666667 0
0.333333 0.333333
0 0
0.555556 0.555556
0.3
0 0.333333
0.333333 0.333333
0 0
0.555556 0.555556
0.3
0.333333 0.333333
0.333333 0.333333
0 0
0.555556 0.555556
0.3
0.666667 0.333333
0.333333 0.333333
0 0
0.555556 0.555556
0.3
0 0.666667
0.333333 0.333333
0 0
0.555556 0.555556
0.3
0.333333 0.666667
0.333333 0.333333
0 0
0.555556 0.555556
0.3
0.666667 0.666667
0.333333 0.333333
0 0
0.555556 0.555556
0.3
1
WarningBreakS.png
0
\texture\UI\WarningBreakS.png
